500 50 26
30
2 5 2 6 7 7 4 2 1 2 1 3 7 1 1 5 5 6 7 6 5 7 3 4 1 3 5 2 6 6 3 2 2 5 2 5 2 7 6 3 7 1 2 2 3 4 7 3 6 5 4 7 3 3 6 3 1 6 5 2 1 1 1 3 5 7 6 2 2 4 2 7 1 2 3 2 6 6 1 2 1 6 5 3 3 5 4 2 5 3 5 7 3 6 6 3 5 1 1 6 3 3 4 3 6 1 4 3 7 4 4 7 4 7 4 5 6 6 7 3 7 4 1 1 6 4 5 3 1 6 7 7 6 1 1 1 5 7 2 1 3 1 6 4 5 3 1 1 5 1 3 3 3 3 1 1 1 1 5 6 3 2 1 1 5 4 6 4 3 1 1 2 3 3 7 4 7 3 6 3 6 5 2 3 3 7 6 3 1 3 7 3 6 4 5 3 6 6 4 1 6 5 7 1 7 5 6 4 1 4 5 7 4 5 5 3 1 2 7 3 1 4 1 4 5 6 2 1 5 7 3 7 4 4 4 4 4 3 4 4 3 1 4 1 6 2 2 5 4 3 6 6 2 7 1 4 6 4 1 2 4 3 7 2 1 1 5 7 2 3 3 3 1 6 3 2 5 4 3 3 3 3 1 4 7 2 2 4 1 4 5 7 7 4 4 2 7 2 2 3 1 1 6 3 5 7 6 5 4 1 1 2 2 5 1 7 1 3 3 2 2 3 6 4 3 2 4 2 1 2 5 7 7 2 5 4 3 7 2 7 7 2 7 4 1 2 1 7 3 6 5 2 6 3 5 5 1 7 2 4 3 3 2 1 6 7 3 5 1 7 7 3 2 1 5 7 2 3 3 6 4 3 7 2 7 5 7 6 1 4 1 1 6 3 1 3 4 7 1 2 3 7 6 3 6 6 5 2 2 3 1 5 1 5 2 7 7 5 2 2 3 1 5 6 6 7 3 4 4 3 6 1 1 7 3 1 2 2 7 4 3 2 5 2 6 5 5 4 1 3 5 1 2 7 4 7 5 6 5 2 6 6 1 3 1 2 7 3 2 6 6 5 7 2 6 6 5 7 4 7 3 7 3 7 6 3 6 7 2 4 6 2 6 3 6 6 4 7 7 7
4 5 5 4 3 3 2 2 2 7 2 1 3 2 4 6 7 2 7 7 1 3 3 4 2 1 3 7 4 7 4 7 5 4 4 5 1 4 4 5 6 3 4 5 3 5 5 5 7 2 1 2 5 5 5 1 6 1 2 6 5 7 5 1 7 6 2 1 2 3 7 2 1 2 2 5 7 2 5 2 5 6 2 7 7 2 3 3 1 3 1 4 7 1 4 2 6 4 1 1 1 2 3 4 1 7 3 7 5 7 6 1 2 6 3 7 3 2 4 3 4 7 6 3 2 1 7 7 4 4 6 4 3 1 7 2 2 4 1 7 5 2 2 3 1 1 6 2 2 2 7 5 7 3 1 1 1 1 3 7 2 4 1 6 7 3 1 1 3 3 3 3 1 6 1 3 2 3 7 4 2 4 1 7 5 2 7 4 7 2 7 4 3 7 3 7 7 3 5 3 1 6 6 5 2 7 3 1 4 7 2 6 2 4 7 6 1 6 7 1 2 3 6 5 3 3 4 7 3 1 2 7 1 6 7 7 3 4 4 4 2 3 1 6 1 2 6 2 1 7 4 5 1 1 1 3 5 4 4 5 3 3 6 7 4 5 6 1 2 6 1 3 2 6 6 2 4 2 5 1 2 5 3 5 1 3 3 7 1 4 6 4 4 1 7 2 4 1 2 3 3 7 6 4 6 4 6 5 1 7 2 5 5 6 2 5 1 1 3 4 2 7 7 5 4 5 7 1 4 6 4 2 7 6 7 3 7 3 3 5 5 7 5 6 1 2 1 5 3 1 2 2 6 4 6 1 1 1 6 2 1 6 2 4 2 5 5 1 2 6 1 3 1 7 6 2 3 1 7 6 7 2 1 3 1 1 6 2 7 5 4 2 6 7 6 4 4 6 6 7 1 4 3 5 4 5 5 7 6 7 7 6 7 3 2 1 2 7 4 3 1 1 2 6 3 1 2 6 2 7 1 1 1 2 1 4 2 4 6 6 7 3 3 4 1 7 6 5 2 4 5 1 5 2 7 6 3 6 5 3 3 5 5 5 4 3 2 4 4 7 7 3 6 7 6 5 5 6 2 5 4 1 5 5 6 4 5 6 3 4 3 6 1 1 4 6 4 2 2 3
201 26 45
157 1 48
476 32 37
265 13 50
300 25 27
478 4 25
485 29 44
425 22 44
392 44 49
133 25 38
320 27 50
384 2 45
313 25 40
287 16 29
7 1 3
250 7 43
130 43 46
46 16 32
2 17 42
5 8 13
158 0 24
297 1 39
499 40 47
397 43 49
431 0 31
63 42 50