1000 100 25
3
2 5 4 1 3 5 3 2 1 2 4 4 5 5 2 1 1 4 5 4 5 2 4 1 5 5 4 1 4 1 2 2 4 4 2 1 4 5 1 1 2 3 3 4 4 5 4 3 4 3 1 2 3 5 1 2 3 1 4 1 2 1 2 3 3 5 3 5 1 5 4 3 2 5 1 5 1 4 1 5 1 2 5 5 5 4 2 3 5 4 5 4 1 4 3 5 2 1 1 2 5 2 3 1 3 5 3 2 2 5 3 4 4 4 5 5 5 2 1 4 4 4 1 3 4 5 1 3 1 5 2 5 5 5 2 1 1 1 3 4 3 1 4 5 5 4 3 2 5 3 4 2 1 3 2 1 4 4 5 2 3 1 1 2 3 3 5 3 5 1 2 3 3 1 3 3 4 3 3 2 3 5 2 5 5 4 5 4 4 5 5 5 1 1 4 4 4 2 2 3 5 5 1 4 4 1 3 5 5 2 3 2 4 5 5 3 2 1 4 3 2 1 1 3 2 1 1 4 5 4 1 4 2 5 4 5 4 5 3 3 3 2 3 1 1 1 5 5 3 5 1 3 2 2 1 1 2 4 3 3 5 3 1 4 4 5 2 5 4 3 1 3 3 1 1 2 4 2 5 5 4 4 5 5 3 4 5 2 4 5 3 1 2 4 3 2 1 3 4 3 1 4 2 1 1 1 4 5 1 4 5 3 3 2 2 4 3 3 2 4 2 1 2 3 4 3 2 5 5 2 5 1 5 3 4 1 1 2 4 5 4 2 3 1 1 1 4 2 3 1 4 4 3 4 5 2 5 3 3 1 3 4 2 4 2 3 4 2 1 3 1 5 5 2 4 4 5 5 5 4 4 5 3 5 1 3 2 2 3 1 1 1 2 2 5 4 3 5 4 2 1 5 3 2 3 3 1 2 1 2 5 2 3 2 2 1 2 5 2 3 4 5 4 2 1 5 3 4 3 1 2 5 5 3 3 5 1 4 1 3 4 1 2 2 3 1 5 1 2 4 1 1 1 2 1 4 2 1 2 2 4 3 2 3 1 3 1 1 4 2 1 5 4 1 5 1 3 5 1 5 3 1 5 1 1 3 4 1 1 1 1 5 4 3 3 2 2 1 3 2 3 1 1 2 1 1 4 1 1 2 1 4 3 3 1 3 3 5 5 4 4 3 1 1 4 1 1 1 4 3 1 2 4 2 2 3 3 2 1 2 1 5 3 1 3 5 1 3 1 4 3 5 2 3 4 2 2 1 5 3 1 1 2 4 2 2 1 4 3 5 2 5 4 2 3 1 4 1 1 2 1 5 4 2 1 2 5 3 2 4 5 4 1 4 5 1 4 4 1 4 1 2 2 2 4 2 2 5 1 5 2 5 5 2 4 4 2 5 5 5 3 5 2 3 4 2 3 2 3 1 1 3 1 2 1 4 3 2 3 4 4 2 3 1 1 4 4 4 1 1 5 3 2 2 1 2 4 4 3 1 4 4 5 2 3 2 2 5 4 5 2 4 4 1 2 5 1 1 1 4 3 5 4 2 1 3 4 1 2 5 2 2 2 5 2 5 4 5 4 4 1 1 5 4 2 2 4 2 2 5 2 4 4 4 5 1 5 5 5 3 5 2 3 1 5 2 2 3 4 5 4 4 4 3 2 1 5 5 1 2 3 3 1 1 4 1 1 2 5 4 2 4 4 3 1 2 5 5 2 3 1 5 4 3 1 3 5 4 5 4 1 3 3 2 4 2 4 3 3 2 4 1 5 2 3 2 3 2 2 4 1 3 4 3 1 2 5 4 5 1 3 3 1 1 1 5 2 2 5 2 2 2 4 1 1 5 3 2 3 5 3 1 3 3 5 3 4 1 3 2 2 1 1 1 5 1 5 2 2 2 2 3 5 4 3 3 1 3 3 1 3 2 4 2 3 3 2 3 5 2 5 3 5 2 3 1 2 3 5 5 3 3 1 3 5 1 1 2 3 3 3 5 5 5 5 3 1 5 3 1 1 5 5 4 2 5 5 3 2 4 2 1 5 3 2 2 3 3 2 2 3 2 1 5 3 2 5 1 3 3 5 2 1 5 4 2 3 3 1 4 4 1 5 3 1 1 5 1 3 1 1 3 5 5 3 3 5 1 1 2 4 4 5 1 3 3 2 3 1 4 3 2 1 4 2 2 1 3 3 2 1 5 4 4 5 3 1 1 4 3 3 4 3 5 1 3 5 2 2 1 4 1 4 1 5 2 4 1 3 1 
3 4 3 2 2 2 2 5 1 1 2 4 1 3 2 1 5 2 5 4 5 2 3 1 1 2 1 4 4 3 2 4 4 1 2 4 4 1 5 3 2 3 2 1 5 1 3 5 2 2 2 4 1 2 1 5 4 2 2 1 2 3 5 4 5 1 1 4 4 4 4 5 5 4 4 5 3 5 4 1 3 2 4 5 2 3 5 3 2 4 5 5 3 4 3 5 4 3 4 3 2 3 3 1 2 4 2 4 2 2 1 5 3 4 3 2 5 2 4 3 4 1 4 4 5 3 3 5 1 1 4 3 5 1 4 2 1 1 4 3 2 1 5 2 4 1 3 2 4 1 2 2 3 4 4 1 5 1 1 1 4 3 3 4 4 3 1 3 4 2 1 5 3 5 5 2 3 5 4 4 5 5 1 4 3 4 4 5 4 3 1 1 3 4 1 4 2 1 3 3 3 2 3 3 2 2 4 3 5 3 4 2 3 3 3 1 4 3 2 3 4 3 4 3 1 2 1 3 2 5 3 1 1 1 1 1 3 3 5 1 5 1 2 5 4 5 4 4 3 5 1 2 1 5 1 2 1 1 3 4 1 4 3 5 5 4 1 4 3 1 3 3 4 5 2 4 3 1 5 4 3 1 4 5 4 1 4 4 2 1 1 1 5 5 5 5 2 1 4 3 5 4 4 1 4 1 3 4 4 2 3 3 2 3 2 3 5 2 4 5 3 5 3 3 1 2 1 1 4 5 3 5 4 4 2 2 2 1 1 1 5 4 5 1 2 3 1 2 3 2 1 4 2 3 5 4 1 4 5 2 2 1 3 2 1 3 5 3 1 5 3 4 3 1 1 3 2 2 2 5 3 3 4 5 4 4 2 4 3 4 2 3 2 1 2 5 1 3 3 4 5 3 5 2 3 2 5 3 2 2 5 2 5 5 5 1 5 1 3 3 2 2 3 3 4 4 4 5 3 4 2 4 5 2 5 4 2 4 4 4 2 2 5 1 4 3 1 1 5 2 3 2 2 4 2 3 4 3 4 2 4 1 1 3 5 1 4 4 3 2 2 3 1 5 5 2 5 3 2 1 1 2 5 2 3 4 4 2 2 2 1 4 4 1 3 3 1 1 5 4 4 2 4 1 1 4 1 5 2 3 5 1 2 4 5 4 5 4 5 5 3 4 2 4 2 1 3 1 1 2 4 2 3 3 2 5 4 3 5 3 3 1 2 5 4 1 3 2 4 2 3 5 4 2 2 4 3 1 1 3 1 4 1 4 5 3 2 2 4 3 2 5 5 2 4 4 5 2 4 4 3 5 3 5 4 3 1 5 4 2 1 2 3 2 2 4 2 2 4 3 4 4 2 1 5 1 1 3 3 4 2 2 4 1 2 3 1 2 3 1 3 5 2 2 1 2 4 2 2 5 2 5 3 2 1 1 1 2 5 3 5 1 1 1 3 5 1 4 2 5 1 1 2 2 4 2 4 4 3 2 4 2 2 4 2 2 5 2 1 3 3 3 3 2 3 4 2 4 5 2 5 2 1 1 4 5 2 2 2 1 3 2 5 3 4 5 3 5 3 3 1 5 2 3 4 2 3 3 3 2 3 1 5 4 1 1 1 3 2 3 3 2 3 3 4 2 4 2 5 1 4 3 3 5 5 5 5 2 4 4 5 2 3 2 3 2 1 2 4 2 1 1 2 5 5 3 3 1 3 1 5 2 4 2 4 2 2 1 3 3 2 1 3 5 1 2 2 1 1 4 3 1 1 1 5 4 1 2 4 2 4 2 5 3 5 4 1 4 4 4 1 1 1 3 2 5 3 1 2 4 4 1 5 5 1 2 2 4 2 3 3 5 5 5 1 2 4 2 3 5 1 4 5 1 5 2 5 5 5 5 4 4 4 1 5 1 1 5 4 2 1 3 4 4 1 1 4 3 3 5 1 5 3 1 3 2 5 1 4 4 4 2 4 5 4 4 3 1 5 1 2 3 2 1 2 3 3 1 1 3 4 2 4 1 3 4 4 2 1 1 3 2 2 1 3 5 1 5 1 2 1 1 3 3 1 5 4 1 4 3 4 1 1 1 3 2 5 2 3 3 2 2 2 3 3 1 4 5 4 2 4 4 1 4 4 3 2 2 3 5 4 1 1 2 4 5 3 1 1 2 1 2 1 4 3 2 5 5 4 3 1 5 5 1 5 4 5 5 2 4 2 2 2 5 5 4 5 5 4 2 1 2 2 4 2 1 5 4 5 4 
51 28 31
391 44 47
268 34 39
806 18 21
24 30 37
54 41 44
354 24 30
324 38 45
234 22 28
701 48 56
104 26 33
493 43 52
311 32 35
884 2 5
113 19 24
29 18 21
37 1 9
427 31 37
722 36 44
230 8 16
481 30 33
398 26 30
682 25 31
151 11 19
440 38 46
